#kmer	position	shift	statistics	p-value	corrected.p
GGCC	1	0	3.54877	3.71328	-0
AANT	2	0	4.13533	4.75149	0.272576
AGT	3	0	3.10692	3.02446	-0
CTGG	4	0	3.48881	3.61512	-0
TGGT	5	0	3.39861	3.47025	-0
CTT	6	0	2.61219	2.34696	-0
ATNA	7	0	3.16308	3.10761	-0
T	8	0	3.77694	4.10028	-0
CACC	9	0	2.62118	2.35839	-0
ANNA	10	0	4.16498	4.80775	0.328835
TCNG	11	0	3.11557	3.03718	-0
GGNA	12	0	3.71839	3.99892	-0
GNA	13	0	3.94234	4.3942	-0
CNTT	14	0	3.75147	4.05601	-0
GNT	15	0	3.30675	3.32613	-0
TT	16	0	4.52776	5.52569	1.04677
T	17	0	5.30832	7.25713	2.77821
CAGC	18	0	3.6098	3.8147	-0
GT	19	0	3.14233	3.07673	-0
T	20	0	4.64959	5.77911	1.3002
TNAC	21	0	3.31468	3.33843	-0
CAGC	22	0	3.6513	3.88453	-0
TGNT	23	0	3.75642	4.06459	-0
GNT	24	0	4.66871	5.81945	1.34054
CT	25	0	3.5783	3.76217	-0
T	26	0	3.91765	4.34961	-0
TNTG	27	0	2.88971	2.71489	-0
GTC	28	0	3.43339	3.52573	-0
T	29	0	3.62997	3.84856	-0
A	30	0	1.22793	0.959652	-0
C	34	0	3.15075	3.08924	-0
CCC	35	0	4.09839	4.6819	0.202987
CNTG	36	0	3.46926	3.58344	-0
CT	37	0	3.64939	3.8813	-0
T	38	0	3.50868	3.6475	-0
CNTC	39	0	3.02375	2.90367	-0
AANC	40	0	3.50971	3.64917	-0
ANC	41	0	4.19265	4.86058	0.381667
CNAA	42	0	3.78923	4.12172	-0
CACT	43	0	4.1829	4.84192	0.363007
T	44	0	4.80824	6.11842	1.63951
GNT	45	0	3.50892	3.64788	-0
TNGC	46	0	3.75359	4.05968	-0
T	47	0	3.9369	4.38437	-0
GCNT	48	0	3.03317	2.91722	-0
CTG	49	0	3.19195	3.15083	-0
TNAA	50	0	3.07146	2.97263	-0
TNTC	51	0	4.44256	5.35215	0.873236
TTC	52	0	3.08822	2.99706	-0
TCNA	53	0	4.20939	4.89269	0.413774
CCT	54	0	3.34495	3.38565	-0
CTG	55	0	3.42016	3.50456	-0
AGGT	56	0	3.2421	3.22676	-0
GCNA	57	0	3.11925	3.04261	-0
CNA	58	0	4.13899	4.7584	0.279492
TGNT	59	0	3.74418	4.04339	-0
GNT	60	0	4.05968	4.6096	0.130684
AT	61	0	3.95998	4.42623	-0
T	62	0	4.31982	5.10747	0.628556
T	63	0	1.18515	0.928194	-0
GNNG	1	0	-3.55284	3.72	-0
CNGA	2	0	-3.63899	3.86374	-0
CGG	3	0	-3.37236	3.42872	-0
GGNG	4	0	-3.68524	3.94218	-0
CNNC	5	0	-2.88656	2.71054	-0
GGCG	6	0	-2.39939	2.0856	-0
TNCT	7	0	-2.46482	2.16404	-0
CNNC	8	0	-2.94123	2.7866	-0
GTC	9	0	-2.79377	2.58422	-0
TCC	10	0	-4.02901	4.55274	0.0738302
ANTC	11	0	-4.2691	5.00819	0.529278
CNC	12	0	-4.16909	4.81556	0.336645
TC	13	0	-4.55629	5.58449	1.10558
CNG	14	0	-4.94601	6.42165	1.94274
TNCG	15	0	-3.26042	3.25475	-0
GGNG	16	0	-3.60978	3.81466	-0
CNNC	17	0	-3.63666	3.85982	-0
CGG	18	0	-2.86859	2.6858	-0
TGC	19	0	-2.54415	2.26145	-0
CGNC	20	0	-3.4279	3.51693	-0
CNGC	21	0	-3.0984	3.01196	-0
CCCG	22	0	-3.45855	3.56616	-0
GC	23	0	-4.10871	4.70129	0.222375
CGGG	24	0	-3.57246	3.75246	-0
GNCT	25	0	-3.51108	3.65142	-0
GNT	26	0	-3.04373	2.93244	-0
CT	27	0	-3.41105	3.49003	-0
T	28	0	-2.57625	2.30156	-0
C	29	0	-1.75008	1.39737	-0
T	30	0	-1.65295	1.3083	-0
GNNT	34	0	-3.93659	4.3838	-0
CNTC	35	0	-4.04122	4.57533	0.0964134
CTC	36	0	-4.68122	5.84591	1.367
TC	37	0	-5.79531	8.46729	3.98838
CCNG	38	0	-3.65627	3.89295	-0
CNGC	39	0	-4.51947	5.50867	1.02976
TCC	40	0	-4.46007	5.38758	0.908669
CNTG	41	0	-3.81363	4.1645	-0
CNC	42	0	-3.60019	3.79863	-0
TNC	43	0	-4.58965	5.65366	1.17474
GNGA	44	0	-3.24042	3.22419	-0
CNNC	45	0	-3.24239	3.2272	-0
TCGG	46	0	-3.33527	3.37051	-0
GCNG	47	0	-3.5508	3.71663	-0
CG	48	0	-2.255	1.91842	-0
TGC	49	0	-3.43482	3.52801	-0
CCT	50	0	-2.86845	2.68561	-0
CGA	51	0	-3.63924	3.86416	-0
TC	52	0	-3.43547	3.52906	-0
CNTC	53	0	-3.46928	3.58348	-0
GTC	54	0	-4.1402	4.76069	0.281779
TCG	55	0	-4.72352	5.93591	1.457
CNNC	56	0	-3.63904	3.86382	-0
CNGC	57	0	-4.04391	4.58032	0.101411
CCC	58	0	-3.84408	4.21823	-0
CNNC	59	0	-4.12808	4.73777	0.258861
CG	60	0	-4.45634	5.38001	0.901097
TCG	61	0	-2.95067	2.79986	-0
C	62	0	-3.60914	3.81359	-0
C	63	0	-0.850059	0.704112	-0
