6.578361209676544807e-05
-3.909689761023465646e-03
-1.328491404292055783e-04
9.393828209258587789e-03
-1.287342665105569491e-03
-2.871745159503101032e-04
1.964322965918954313e-03
-8.652203852479514734e-04
8.494455857162281189e-04
-4.263692711828912137e-03
-2.264903369881780121e-03
-5.717916076130812562e-04
7.667871747832301008e-04
2.257348920853908918e-03
4.372756463148758273e-03
-3.826389839206410445e-03
-2.732223320288394101e-03
-1.095180953661094173e-03
3.210212301686969291e-03
-1.589475360766443544e-03
-1.822304797998846974e-03
2.282928816190458142e-03
-6.762458221600334274e-04
6.732242055806579020e-04
-5.078556324396221386e-03
-1.066900305412385452e-03
2.349581685176878234e-03
-2.908246436990115716e-03
1.946077299257584908e-03
4.352445617565496930e-04
-6.696385158808699709e-03
-7.616239290049905443e-03
-1.695763231324411754e-03
-6.659210141121918447e-03
4.505375124174438792e-03
-1.973573038764504795e-03
5.779552098136160306e-04
-1.018512561696489514e-03
-1.036401949367559902e-02
-1.833467422658886922e-03
-3.736163559788404677e-03
-4.448889359191070259e-03
-2.567040280479422273e-03
-3.769478552571270576e-03
-1.342659531501073228e-02
2.283286843047744718e-03
-1.415363482438419286e-02
-3.767985171262611902e-03
5.386825552991170900e-04
2.480210591806946384e-03
-1.289724775113442606e-02
-3.925665376783901012e-03
-4.931543464449269880e-03
-1.122323311065918190e-03
5.322642380371702710e-03
3.971133974173157895e-03
-5.959005474021520678e-03
-3.805561567715257457e-03
4.647931508265592052e-03
2.937176192574051867e-03
