A	C	G	T
1.70E+00	1.26E+00	-1.24E+00	-2.68E+00
2.32E+00	-2.93E+00	4.79E-01	-1.82E-02
5.79E-01	-2.22E-01	-5.14E-01	5.52E-01
1.74E+00	1.61E+00	-2.62E+00	-8.16E-01
-5.56E-01	-1.27E+00	-5.24E-01	2.37E+00
-5.13E-02	8.09E-01	-1.27E+00	8.25E-01
8.92E-01	-9.99E-01	-1.05E+00	1.41E+00
-2.43E-02	-1.20E+00	-6.40E-01	2.31E+00
-6.50E-01	-8.63E-01	-3.66E-01	1.76E+00
1.40E+00	-9.00E-01	3.61E-01	-1.41E+00
8.70E-01	-1.14E+00	-8.86E-01	1.43E+00
2.94E-01	-4.70E-01	-2.34E-01	7.23E-01
8.81E-01	-1.60E+00	5.33E-01	-2.84E-02
1.54E+00	-3.31E+00	3.67E-01	7.40E-01
1.63E+00	-3.82E-01	-9.97E-01	-5.55E-03
4.83E-01	-2.33E-01	-3.39E-01	4.64E-01
8.47E-01	-3.37E+00	-1.81E+00	4.37E+00
3.99E-01	1.04E-01	-1.04E+00	1.09E+00
8.04E-01	-3.19E-01	-9.66E-02	-6.74E-01
-7.77E-01	-1.19E+00	-9.92E-01	3.87E+00
-9.03E-02	-6.40E-01	4.92E-01	5.53E-01
7.87E-01	2.89E-02	-9.34E-01	4.90E-01
1.06E+00	-1.44E+00	-1.45E+00	2.09E+00
3.33E-01	-2.62E+00	1.73E+00	7.84E-01
4.62E-01	8.39E-01	-1.01E+00	7.16E-02
4.73E-01	-1.63E+00	-1.20E+00	2.65E+00
5.83E-01	-1.08E+00	-7.66E-01	1.97E+00
1.27E-01	1.24E-01	7.90E-01	-1.52E+00
2.99E-01	-1.26E+00	-8.59E-01	2.22E+00
7.85E-01	-7.65E-01	7.58E-01	-4.93E-01
0.00E+00	0.00E+00	0.00E+00	1.00E+00
0.00E+00	1.00E+00	0.00E+00	0.00E+00
0.00E+00	0.00E+00	1.00E+00	0.00E+00
2.25E-01	1.36E+00	-7.79E-01	-9.02E-01
1.12E+00	-3.39E-01	-1.90E+00	1.41E+00
-6.62E-02	1.01E+00	-3.01E-01	-5.81E-01
9.62E-01	2.20E+00	-4.93E-01	-5.01E+00
5.02E-03	-1.33E+00	-1.22E+00	2.74E+00
-1.62E-01	-1.76E+00	1.53E+00	3.93E-01
-3.80E-01	1.24E+00	-4.81E-01	-7.20E-01
1.65E+00	-4.32E+00	-1.59E+00	3.06E+00
-7.08E-01	3.87E-01	-1.83E-01	4.20E-01
-1.29E+00	2.96E+00	2.78E-02	-3.00E+00
1.65E+00	-3.74E+00	-2.14E+00	3.98E+00
-3.61E-01	-9.42E-01	9.67E-01	5.79E-02
-7.13E-01	-8.12E-01	9.48E-01	5.84E-01
-1.73E-01	-5.90E-01	-1.42E+00	2.75E+00
-7.72E-01	-5.62E-01	5.32E-01	6.38E-01
9.02E-01	1.15E+00	-1.27E+00	-7.88E-01
4.92E-01	-8.43E-01	3.22E-01	6.54E-01
3.99E-01	-2.77E+00	4.60E-01	2.08E+00
-4.17E-01	2.90E-01	-4.01E-01	6.80E-03
5.29E-01	-1.37E+00	-9.46E-01	2.05E+00
-1.09E-02	9.85E-02	-4.16E-01	1.08E-01
-9.64E-02	1.41E+00	-2.42E-01	-1.50E+00
1.29E+00	-1.93E+00	-1.21E+00	1.61E+00
1.29E+00	-3.29E+00	1.26E+00	1.82E-01
-6.87E-01	4.00E-02	3.27E-01	7.45E-03
-6.86E-01	-1.98E+00	4.35E-01	2.40E+00
1.11E+00	-3.40E+00	8.51E-01	1.33E+00
1.04E+00	-1.16E-01	-6.87E-01	-1.67E-01
-3.35E-01	-4.24E+00	-3.37E-01	4.15E+00
5.20E-01	-6.45E-01	-4.19E-01	8.27E-01
