#kmer	position	shift	statistics	p-value	corrected.p	n1	mean1	std1	n2	mean2	std2
GGCC	1	0	3.27929	2.76852	-0	23	0.287795	0.355054	1417	0.0446672	0.149605
GCC	2	0	3.6694	3.54197	-0	52	0.200372	0.308238	1388	0.0428626	0.146447
CC	3	0	3.19159	3.078	-0	165	0.102733	0.240908	1275	0.0415386	0.142331
CNCA	4	0	2.51446	2.103	-0	43	0.161561	0.302649	1397	0.045072	0.150036
TNT	5	0	2.54663	2.15884	-0	52	0.146706	0.28689	1388	0.0448732	0.149814
TNNT	6	0	2.65786	2.25526	-0	42	0.172639	0.310581	1398	0.0448225	0.149474
TNT	7	0	2.99289	2.57166	-0	32	0.238213	0.365957	1408	0.0442399	0.147154
CT	8	0	2.27293	1.88502	-0	70	0.122253	0.283196	1370	0.0447846	0.147827
T	9	0	2.85069	2.61796	-0	182	0.0937093	0.238643	1258	0.0420171	0.141428
ANNA	10	0	2.99288	2.75229	-0	90	0.123927	0.251963	1350	0.0435254	0.148307
ANNA	11	0	3.30892	3.20323	-0	111	0.132217	0.285796	1329	0.0415625	0.139988
GGNA	12	0	2.50122	2.02966	-0	28	0.194994	0.315231	1412	0.0456465	0.151848
GNA	13	0	2.24283	1.85873	-0	77	0.106231	0.235676	1363	0.0452919	0.151792
GNGA	14	0	2.66064	2.24344	-0	38	0.182506	0.317818	1402	0.0449197	0.149687
CNAC	15	0	3.47742	3.14485	-0	34	0.268975	0.377879	1406	0.0432201	0.144617
GAC	16	0	2.73932	2.35532	-0	45	0.186316	0.347267	1395	0.0441064	0.145774
AC	17	0	3.45471	3.39063	-0	97	0.152206	0.314702	1343	0.0410638	0.137058
CANC	18	0	2.30372	1.90617	-0	58	0.132529	0.287657	1382	0.045026	0.149109
GTG	19	0	2.4056	2.01964	-0	62	0.131284	0.281218	1378	0.044828	0.149031
TNNA	20	0	2.6018	2.25711	-0	77	0.118688	0.247342	1363	0.0445882	0.150424
GNTG	21	0	2.22959	1.84704	-0	81	0.104442	0.236183	1359	0.0452192	0.151436
GTNG	22	0	2.05055	1.62405	-0	37	0.141133	0.280789	1403	0.0461089	0.152689
ANNA	23	0	2.37977	2.01311	-0	88	0.107912	0.246285	1352	0.0446867	0.149665
CNAC	24	0	2.38815	1.96772	-0	42	0.152077	0.288192	1398	0.0454402	0.151294
AANG	25	0	2.37579	1.97283	-0	51	0.134425	0.266029	1389	0.0453974	0.151672
ANG	26	0	2.86267	2.61773	-0	136	0.103555	0.242969	1304	0.0428137	0.145139
T	27	0	2.22641	1.87053	-0	198	0.0773207	0.202223	1242	0.0439639	0.149247
GA	28	0	1.9433	1.56606	-0	112	0.086589	0.220293	1328	0.0453424	0.151153
AG	29	0	2.12744	1.74877	-0	102	0.0943705	0.230384	1338	0.0450574	0.150505
G	30	0	1.08939	0.859456	-0	375	0.0566167	0.171318	1065	0.0457102	0.152946
GANA	34	0	2.76198	2.34901	-0	37	0.200509	0.342647	1403	0.044543	0.148
CCC	35	0	2.72202	2.34552	-0	48	0.162839	0.299645	1392	0.0446095	0.149217
CNTG	36	0	3.47805	3.36178	-0	70	0.171423	0.308983	1370	0.0422723	0.143365
CTG	37	0	2.64614	2.32391	-0	95	0.117583	0.269467	1345	0.0436745	0.145743
TGNA	38	0	3.55152	3.40977	-0	57	0.206619	0.348696	1383	0.0420357	0.141111
GNAC	39	0	3.29455	2.96505	-0	38	0.250629	0.387643	1402	0.0430733	0.142947
AAGC	40	0	2.51668	1.96885	-0	19	0.238395	0.33274	1421	0.0460121	0.152748
ANC	41	0	3.50085	3.46677	-0	102	0.141974	0.287438	1338	0.0414285	0.14091
CCT	42	0	2.83243	2.4899	-0	54	0.153267	0.280711	1386	0.0444706	0.149752
CACT	43	0	4.66889	3.74612	-0	15	0.495314	0.374201	1425	0.0438477	0.14708
ACT	44	0	3.38271	2.99994	-0	31	0.259457	0.354103	1409	0.0439102	0.147503
CTGG	45	0	2.85713	2.19958	-0	15	0.309125	0.356598	1425	0.0458076	0.152213
GT	46	0	3.06847	2.86068	-0	99	0.12869	0.2763	1341	0.0426341	0.143753
GGCC	47	0	2.40173	1.85441	-0	18	0.240651	0.34321	1422	0.0461188	0.152705
GNNT	48	0	2.78443	2.47857	-0	81	0.129637	0.275397	1359	0.0437175	0.146694
CTGC	49	0	2.38514	1.91563	-0	28	0.191914	0.32366	1412	0.0457076	0.151555
CNTT	50	0	2.79685	2.29185	-0	24	0.262503	0.380619	1416	0.0449241	0.148814
TNNC	51	0	3.14804	2.93976	-0	80	0.144239	0.285704	1360	0.0429217	0.145133
TT	52	0	2.60883	2.25573	-0	69	0.131312	0.274767	1371	0.0443852	0.148532
TNNA	53	0	2.93213	2.68683	-0	103	0.116176	0.248758	1337	0.0433407	0.147457
CCNG	54	0	2.8545	2.57703	-0	92	0.124992	0.271738	1348	0.0433334	0.14562
CAGG	55	0	2.76865	2.18373	-0	18	0.272499	0.347098	1422	0.0457157	0.152036
AGNT	56	0	2.61086	2.19356	-0	39	0.180759	0.324083	1401	0.0448701	0.149124
GNG	57	0	2.71438	2.4202	-0	115	0.103637	0.232421	1325	0.0437693	0.148859
GNGA	58	0	3.24151	2.88654	-0	36	0.240955	0.364525	1404	0.043617	0.145692
TGNT	59	0	2.83171	2.44485	-0	41	0.191337	0.331369	1399	0.0443659	0.14787
GNT	60	0	2.86676	2.60921	-0	112	0.113248	0.255511	1328	0.043094	0.145546
AT	61	0	3.03319	2.79181	-0	81	0.134441	0.267635	1359	0.0434311	0.147376
T	62	0	3.24224	3.19462	-0	331	0.0780425	0.200448	1109	0.0397481	0.141737
T	63	0	0.885429	0.725	-0	211	0.058534	0.181036	1229	0.0468364	0.153644
TNCT	1	0	-10.0689	22.2082	17.7293	19	0.00432742	0.00620076	1421	0.0491418	0.158977
TGGG	2	0	-10.4986	24.0681	19.5892	18	0.00282267	0.00552209	1422	0.0491293	0.15892
GCAG	3	0	-11.057	26.8964	22.4174	15	0.00205787	0.00234202	1425	0.0490399	0.158766
GAGA	4	0	-9.81097	20.6751	16.1961	16	0.00462581	0.00667317	1424	0.049044	0.158824
AGA	5	0	-9.67194	20.8491	16.3702	32	0.005996	0.00828283	1408	0.0495176	0.159658
TGG	6	0	-9.03634	17.9792	13.5003	32	0.00677881	0.0116577	1408	0.0494998	0.159658
CCT	7	0	-9.46441	19.2926	14.8137	17	0.00581388	0.00730734	1423	0.049061	0.158878
TNCC	8	0	-9.28854	19.0748	14.5959	25	0.00686352	0.00855427	1415	0.049287	0.159297
CNGT	9	0	-9.3219	18.5035	14.0246	18	0.00574356	0.00833739	1422	0.0490923	0.158929
GAGG	10	0	-10.8029	25.724	21.245	22	0.00254545	0.00431433	1418	0.0492642	0.159124
ANTC	11	0	-11.5327	29.0633	24.5844	14	0.000472857	0.000899235	1426	0.0490225	0.15871
GTCC	12	0	-11.4317	28.6028	24.1239	14	0.000759643	0.00148574	1426	0.0490196	0.158711
CCCG	13	0	-10.6142	24.7577	20.2788	17	0.002932	0.00447652	1423	0.0490954	0.15887
TNCC	14	0	-9.21765	18.732	14.2531	31	0.006425	0.0107612	1409	0.0494773	0.159605
TNCG	15	0	-10.7627	25.4104	20.9315	16	0.00240688	0.00416513	1424	0.0490689	0.158817
GCGC	16	0	-10.1626	22.4384	17.9595	14	0.00405157	0.00513725	1426	0.0489873	0.15872
GGGA	17	0	-9.93499	21.2424	16.7635	21	0.00371619	0.00811932	1419	0.049214	0.159076
GNAC	18	0	-10.0413	22.2531	17.7742	26	0.00444773	0.00730391	1414	0.0493614	0.159338
TGC	19	0	-9.53064	19.8483	15.3694	27	0.00525281	0.00965869	1413	0.0493778	0.159391
GCGG	20	0	-10.8666	25.8444	21.3655	15	0.0019786	0.00400251	1425	0.0490407	0.158765
GCCC	21	0	-9.9226	21.4567	16.9778	18	0.00463344	0.00647074	1422	0.0491064	0.158926
TNCT	22	0	-11.0763	26.9633	22.4844	14	0.00185229	0.00253967	1426	0.0490089	0.158714
GCGG	23	0	-11.1676	27.3666	22.8876	14	0.00143807	0.00260208	1426	0.049013	0.158713
CGGG	24	0	-11.3031	28.0132	23.5343	15	0.00115633	0.00199442	1425	0.0490493	0.158763
TGC	25	0	-11.1523	27.3342	22.8553	20	0.00188605	0.0019849	1420	0.0492077	0.15902
GNNA	26	0	-9.66248	20.998	16.519	56	0.00683332	0.00905775	1384	0.0502384	0.160936
CTC	27	0	-9.65646	20.5372	16.0583	30	0.0051539	0.00950527	1410	0.0494738	0.159547
CGC	28	0	-8.49988	15.7268	11.2478	29	0.00794962	0.0128936	1411	0.0493849	0.159505
GG	29	0	-1.5211	1.16972	-0	39	0.0257402	0.0925094	1401	0.0491854	0.159401
C	30	0	-1.50856	1.18163	-0	738	0.0424001	0.142568	702	0.0550162	0.172524
TGC	34	0	-10.9775	26.4738	21.9949	18	0.00186372	0.0037674	1422	0.0491414	0.158917
GCTC	35	0	-11.0218	26.6817	22.2028	17	0.00177012	0.00347773	1423	0.0491093	0.158866
CTG	36	0	-9.74989	20.5037	16.0248	22	0.00433541	0.00858611	1418	0.0492364	0.15913
TG	37	0	-9.8955	21.8663	17.3874	40	0.00549532	0.0083081	1400	0.0497806	0.160074
CNTC	38	0	-10.0818	22.6624	18.1835	40	0.0050132	0.00755596	1400	0.0497944	0.160071
CNGG	39	0	-10.1979	23.0052	18.5263	25	0.00426252	0.00632827	1415	0.0493329	0.159286
TCCT	40	0	-10.3835	23.1693	18.6904	16	0.00262975	0.00604973	1424	0.0490664	0.158817
GTNA	41	0	-11.0284	26.7402	22.2612	14	0.00199571	0.0026628	1426	0.0490075	0.158715
GAGC	42	0	-9.99368	20.9998	16.5209	14	0.00353014	0.00651152	1426	0.0489924	0.158718
TCG	43	0	-10.1266	22.2442	17.7652	19	0.00363274	0.00677952	1421	0.049151	0.158974
CAC	44	0	-10.7204	25.1896	20.7107	14	0.00259229	0.00388013	1426	0.0490017	0.158716
CATC	45	0	-9.93872	21.4982	17.0193	17	0.00461106	0.00622199	1423	0.0490754	0.158875
GGNT	46	0	-10.5412	24.6142	20.1353	18	0.00390722	0.00337189	1422	0.0491156	0.158925
GA	47	0	-10.1272	22.7377	18.2588	32	0.00435537	0.00762736	1408	0.0495549	0.159648
CCCC	48	0	-9.64096	20.3701	15.8912	21	0.00558086	0.00742051	1419	0.0491864	0.159084
ATNG	49	0	-9.8576	21.3361	16.8572	17	0.00530253	0.00579021	1423	0.0490671	0.158878
TCG	50	0	-10.8556	25.9483	21.4694	15	0.00253493	0.00314443	1425	0.0490348	0.158767
CTCC	51	0	-9.72492	20.6235	16.1445	21	0.00504967	0.00762839	1419	0.0491942	0.159082
AGCC	52	0	-9.82875	20.8352	16.3563	15	0.00483453	0.00613693	1425	0.0490106	0.158773
GNCA	53	0	-10.1061	22.442	17.9631	20	0.00431515	0.00615207	1420	0.0491735	0.159028
GTC	54	0	-11.0592	26.8254	22.3465	17	0.00151176	0.00366452	1423	0.0491124	0.158865
TCG	55	0	-11.0438	26.7949	22.316	20	0.0016592	0.00382594	1420	0.0492109	0.159018
GCT	56	0	-9.5656	20.1821	15.7032	34	0.00525212	0.0106565	1406	0.0495975	0.159754
CNAT	57	0	-11.0101	26.6445	22.1656	16	0.00192613	0.00316287	1424	0.0490743	0.158816
AAT	58	0	-10.4272	23.9892	19.5103	20	0.00364655	0.00502417	1420	0.0491829	0.159026
GCGG	59	0	-10.5166	23.958	19.479	14	0.00268957	0.00491625	1426	0.0490007	0.158716
CNCA	60	0	-9.84327	20.6194	16.1405	19	0.00378468	0.00810181	1421	0.049149	0.158974
CTC	61	0	-9.1534	18.3181	13.8392	24	0.00674183	0.00938159	1416	0.0492591	0.159243
AT	62	0	-5.50989	7.33198	2.85307	49	0.01801	0.0265511	1391	0.0496263	0.160585
C	63	0	-0.646265	0.586515	-0	575	0.0453209	0.147683	865	0.0506972	0.16448
